9.000000000000000000e+00
9.800000000000000000e+01
1.700000000000000000e+01
1.280000000000000000e+02
2.100000000000000000e+01
1.540000000000000000e+02
2.800000000000000000e+01
1.760000000000000000e+02
3.500000000000000000e+01
1.990000000000000000e+02
5.000000000000000000e+01
2.210000000000000000e+02
6.900000000000000000e+01
2.390000000000000000e+02
9.100000000000000000e+01
2.540000000000000000e+02
1.210000000000000000e+02
2.650000000000000000e+02
1.510000000000000000e+02
2.540000000000000000e+02
1.730000000000000000e+02
2.320000000000000000e+02
1.880000000000000000e+02
2.130000000000000000e+02
1.990000000000000000e+02
1.910000000000000000e+02
2.100000000000000000e+02
1.650000000000000000e+02
2.140000000000000000e+02
1.430000000000000000e+02
2.210000000000000000e+02
1.170000000000000000e+02
2.210000000000000000e+02
9.100000000000000000e+01
3.500000000000000000e+01
9.800000000000000000e+01
5.000000000000000000e+01
9.100000000000000000e+01
6.500000000000000000e+01
9.100000000000000000e+01
8.000000000000000000e+01
9.400000000000000000e+01
9.500000000000000000e+01
9.800000000000000000e+01
1.470000000000000000e+02
9.400000000000000000e+01
1.620000000000000000e+02
9.100000000000000000e+01
1.770000000000000000e+02
8.300000000000000000e+01
1.920000000000000000e+02
8.300000000000000000e+01
2.030000000000000000e+02
8.700000000000000000e+01
1.210000000000000000e+02
1.320000000000000000e+02
1.210000000000000000e+02
1.540000000000000000e+02
1.210000000000000000e+02
1.760000000000000000e+02
1.210000000000000000e+02
1.950000000000000000e+02
1.060000000000000000e+02
1.950000000000000000e+02
1.130000000000000000e+02
1.990000000000000000e+02
1.210000000000000000e+02
2.020000000000000000e+02
1.320000000000000000e+02
1.990000000000000000e+02
1.390000000000000000e+02
1.950000000000000000e+02
5.800000000000000000e+01
1.210000000000000000e+02
6.900000000000000000e+01
1.170000000000000000e+02
8.000000000000000000e+01
1.170000000000000000e+02
9.100000000000000000e+01
1.240000000000000000e+02
8.000000000000000000e+01
1.280000000000000000e+02
6.900000000000000000e+01
1.280000000000000000e+02
1.510000000000000000e+02
1.210000000000000000e+02
1.620000000000000000e+02
1.130000000000000000e+02
1.770000000000000000e+02
1.130000000000000000e+02
1.840000000000000000e+02
1.130000000000000000e+02
1.770000000000000000e+02
1.210000000000000000e+02
1.620000000000000000e+02
1.240000000000000000e+02
9.100000000000000000e+01
2.280000000000000000e+02
1.020000000000000000e+02
2.250000000000000000e+02
1.170000000000000000e+02
2.210000000000000000e+02
1.250000000000000000e+02
2.210000000000000000e+02
1.320000000000000000e+02
2.210000000000000000e+02
1.430000000000000000e+02
2.250000000000000000e+02
1.540000000000000000e+02
2.280000000000000000e+02
1.430000000000000000e+02
2.390000000000000000e+02
1.360000000000000000e+02
2.470000000000000000e+02
1.250000000000000000e+02
2.470000000000000000e+02
1.130000000000000000e+02
2.470000000000000000e+02
1.020000000000000000e+02
2.390000000000000000e+02
9.500000000000000000e+01
2.280000000000000000e+02
1.130000000000000000e+02
2.280000000000000000e+02
1.210000000000000000e+02
2.280000000000000000e+02
1.320000000000000000e+02
2.280000000000000000e+02
1.510000000000000000e+02
2.280000000000000000e+02
1.320000000000000000e+02
2.320000000000000000e+02
1.250000000000000000e+02
2.320000000000000000e+02
1.130000000000000000e+02
2.320000000000000000e+02
